446604691
458944623
425872880
427702168
476745715
447184013
480186178
434947861
431431966
433870521
433848775
428906389
451161930
439111626
458427312
456130577
452201304
455373257
466981585
443778365
441687494
444984922
442958127
465614741
445537162
441175565
453919503
460522118
460370635
444329724
457717257
440590323
443891182
443998456
444870474
439721978
442671303
431976529
429651423
452455111
429259057
432887031
438992370
452331964
435425030
428661023
432706304
451282934
448180751
451911879
451760537
443075593
449374025
448872880
442240737
461161239
446835844
441590472
434115997
422841195
439389897
430953347
449736755
444209684
455044530
462630331
454561709
458453384
444720743
453133131
475400937
434209207
458200110
439512858
446133924
423823410
434060182
433622239
426400519
437337345
421022326
427689711
420129487
422062087
435540601
422353165
423616487
424799768
424196016
441238089
433682328
440225634
437480669
423801228
426391960
419332935
435686231
425996704
437312048
423477282
451478372
429400650
441956643
449448684
437732460
430681931
436393552
429705486
431645287
431431200
452855652
436639701
452254987
449515710
432786392
433711296
429181240
452977652
446723028
452287688
448616044
447095153
445390152
432766557
438773305
449152458
433019976
444766525
436787865
447449119
433016463
429574022
455666733
460381780
442114098
433838722
462521778
446148293
427640229
427163162
426081720
423953351
430798596
425336341
424976082
433614841
450848147
451528021
440066338
436746706
445267284
456978621
422261093
424130950
451071474
465889596
459499282
422232374
420986001
429078200
436237611
434592116
435546031
425640467
427632623
435466186
436553842
428932100
420753422
427933534
435351814
434276462
434667506
437693368
425104947
431882529
426805435
437292379
428525762
435155078
436513287
434141196
436938231
453218991
441644839
425228505
427716441
427843473
426669739
426797914
427745655
431769099
430083269
423223795
430336748
436778539
427869148
434308229
427226064
436101146
434777141
422642082
419772058
422622238
421557807
423442070
420254421
422856615
429726151
430394059
439710607
428808859
435112593
425188371
419996234
420842916
430580635
431274491
432521403
428255073
428195588
427155155
426742977
428154940
430794850
439000076
428569546
429367124
429597487
431381010
432285076
422952338
431337915
429988153
436121973
433358939
426132075
429181721
426208869
432852252
435863737
438535379
431484045
434920249
435312462
428542867
431363745
434288930
434916591
426070093
429503816
431283941
424706592
430272530
428831030
428083204
426013096
428498293
432480001
430522268
431262420
429633103
430631798
430987759
420384785
420933145
427162535
424445708
430267622
426071123
423940566
421313004
426565440
421003051
428239687
423302209
431735354
427260409
422738705
427688571
421775784
434238079
421928150
431203965
424393714
426144574
426421323
427541482
426551476
435791976
427888481
427788318
429979673
430665953
438451513
428965592
427395457
425397670
427794668
429299859
430712223
430231242
419566275
429443592
431259144
426661145
428291486
427002912
428503264
428531828
427749656
427955995
428555526
427595012
425961332
427870566
431533849
432936816
435009740
431197164
435414913
429780114
425606150
427829736
433843943
426696431
437085821
420640173
421881227
435485877
422771836
432959891
434265324
428994928
421523900
423153860
434875009
436443875
432445765
425069807
448076819
421569242
428117325
428988526
421939900
435269607
428998946
418804281
420196915
429043740
437826550
435227102
421573216
436755797
436662585
421844011
434191555
434355882
441022951
429073505
427581220
436032378
428938540
428297870
427871573
426179010
427074380
435428205
433425743
422224810
426605519
428661158
427039906
425901078
436512721
431835922
429375953
430715751
421638786
421490333
421545866
420919897
420806452
423412959
429935604
428958107
429767305
430536238
428453966
425664737
426301396
428811555
436412991
424283350
439685457
428802081
426506797
420430618
427484839
420614977
422819186
428795141
421935730
428866239
428218555
420329325
425482296
427815413
427553240
429164375
438668552
434007322
424380377
430069129
433244763
424856178
429516275
438399470
435149080
436356819
428766046
437588843
436999961
426298936
426999039
435024366
435522935
435735382
432196568
436683600
435501219
433736381
422104216
436494142
423736741
438329449
421949667
422758623
438225163
422237659
419405685
435725220
436848554
422525111
422997587
424253282
426783757
421279236
425432857
431563121
427223923
424084081
420760364
421591817
422461822
428561461
425864745
419715607
429801099
433784436
424600315
429280506
437647985
427655475
419037100
421231916
436096605
428527105
437202519
429679486
422460509
421626706
420214716
428584650
421412079
427148036
427224674
428023491
423044341
429625064
420852918
433656949
432945245
427220502
424075336
435212817
433365157
429871768
424018903
421330682
423419964
425989557
429641329
425717315
423332439
435752450
435518402
433223045
432049158
433269856
428345820
438100625
421108440
423743672
421165639
422020231
436469134
424165467
425686554
435494025
423626562
428854095
430075382
437339490
425244877
419436418
437004435
429655226
444364760
430690121
421162154
436847553
427170966
431246436
427278040
439191701
439985615
439756843
437625400
432434753
432374858
436325332
419840978
436714976
438043783
419852936
435041672
435944000
425189201
422046844
422256126
422235567
424762441
420704879
425632835
422028023
432238832
423761039
421966274
427175970
437027981
429247084
421520260
422519357
424235452
435245043
431994448
422982734
421964150
426610199
424005729
426308406
424353498
425607121
423655107
424748003
435245053
425032205
437347356
425870624
437616010
429570932
428952013
425574096
426103987
434411116
430762964
420821018
440072023
429941452
429727886
429029472
435654492
422078058
422202686
439926755
422276749
423365381
423940560
424364416
434535457
431387539
434801307
422897135
422123224
424786450
425088182
427830275
426140232
427207604
440727050
425532240
438808089
421408192
422458538
421786795
421734032
422101282
433234752
421776762
436782706
422145581
422566690
423746908
423481385
434232117
422493139
424137493
425256064
424268498
430984975
423944729
422703133
419752516
429666003
430997131
424568712
431231835
422210995
422477163
418781105
427514722
421263651
422761502
422158582
422793793
419497628
422274402
419550075
433056779
421694345
422221557
422612634
422245795
422058846
423866580
419369791
433710736
422144421
422336434
436135399
420144349
422631794
421226324
420985586
420912560
423302200
421448408
422484586
419582669
421499277
420874801
422060316
435436618
422882974
420030219
430275385
436581601
422444478
436807975
427352746
419816133
423095495
429281204
421184193
426859621
429381248
421451908
427272537
429634626
432676535
432270544
438305112
430665757
437265390
434647304
431504722
427817917
428848380
429940950
433081872
432907640
431183736
430563458
431450656
420097523
439665850
420197541
425195353
423236997
421892739
425866493
427885929
421446318
420226172
419717851
427450467
433423219
420500384
423577657
421130315
420301958
420033833
421839197
419666884
436489021
422251093
422859781
421043807
419672630
421093438
422366358
435536736
423339138
425228755
423107422
422822338
419864774
434004606
421793561
425286351
427421086
422817381
423265451
424506755
426798787
422853278
434447861
424769826
434513975
424726759
423617388
436613846
429010749
433372130
422260598
427537207
431125518
423688030
431437500
422302491
424766061
444509159
441460679
440744033
428334638
433477409
440061629
444714646
433923189
428862368
426971201
431395840
427332186
429178597
427141725
426939514
439763399
437120229
459369001
457531026
455945013
451659218
440131602
435066425
432549071
451015826
450307405
448601188
448875429
449588577
445212188
507782368
450605787
465481960
441595314
444173441
475338528
463511479
445030778
440168266
451045679
448679462
443616076
442104705
452330010
444710802
450471788
449748147
438712818
446389128
432827586
453010011
441636595
438245046
439737277
454926462
454989785
469490433
471342600
449213050
451197074
464426206
456995380
457564287
459281505
471327114
464601029
469761035
448591248
436895501
453172607
457214528
442564005
441907180
458546510
456712969
453660164
491917896
458032058
456294462
448994385
448676471
442971115
459677747
438540907
459617676
451946038
430762271
426376359
434864418
425117547
436286415
435714973
427686734
422477940
428793187
427127182
428291669
429875100
436299730
437453969
428531530
434553147
436614712
432121637
434830823
429901513
436121526
429992014
432758657
437076882
423313816
427178191
438721104
422572454
421157844
425475362
427966876
424475783
427488993
421647792
430837895
425650579
427141942
441230491
433344110
424559274
423503128
437987058
426876227
426596243
425068143
435282672
434025237
426735595
425686389
425673867
433584338
423166894
433279894
436097204
422110418
428343389
422919244
420792105
429290152
430811291
442482003
427678007
424641064
445806792
445858091
455923950
445871581
443435802
428412704
426066767
421654099
425883412
420065327
420650553
419314554
435254200
418463625
439301932
419569574
446121244
442381259
457450219
468372193
448764412
427624373
459594371
455986994
423242168
438611429
429569113
460148282
439395560
431752892
422882906
431137389
418424182
432417668
426054053
432405057
419501534
432460206
440023568
436969599
431442139
432864972
429098823
439978849
448635473
430687371
442151799
449530880
431749314
434455598
431935872
437693816
426781343
439997118
434724465
429107451
470524555
443359637
437548185
426702298
448660450
427600482
439210920
438865300
435664784
433609010
422951800
427132850
445261917
450085420
480120120
425866446
443021132
462338640
462876284
450038360
444776930
469245471
431509887
431252317
469068628
455564796
452194157
432948211
459247200
444427001
439176722
438349795
444574439
437762337
440212779
438860706
437709952
437573684
437019834
463972861
432891011
434748141
435102108
